$ 1 1.0000000000000001e-7 382.76258214399064 82 5 43 5e-11
w 816 272 816 304 0
w 896 304 992 304 0
w 992 304 1056 304 0
d 1104 512 1152 512 2 1N4148
w 816 304 816 336 0
w 992 304 992 400 0
r 1200 592 1200 512 0 47000
207 752 352 704 352 4 μPWM0
207 1360 528 1408 528 4 μADC1
R 816 48 816 0 0 0 40 3.3 0 0 0.5
f 752 352 816 352 32 1 1.25
a 1264 528 1360 528 9 3.5 0.001 1000000 0.13208207782828232 0.13207914564452294 100000
w 1264 544 1264 592 0
w 1200 592 1152 592 0
c 848 304 816 304 0 0.000009999999999999999 -0.1511977257168174 0.001
r 1104 512 1104 464 0 4700
R 1104 464 1056 464 0 0 40 3.3 0 0 0.5
401 1216 272 1296 272 1 8\s15\s-15\s1000000\s0.18954062007799444\s0.015094690854047757\s100000 0\s20\s10000000000 1\s0
w 992 464 928 464 0
207 1056 304 1104 304 4 \pout
g 1152 592 1152 608 0 0
r 1264 592 1360 592 0 33000
w 1360 592 1360 624 0
c 1360 624 1264 624 0 4.700000000000001e-9 1.3251995462328914 0.001
w 1264 624 1264 592 0
w 816 240 816 160 0
c 864 160 864 256 0 0.000001 0.3000089067986357 0.001
f 752 256 816 256 32 1 1.25
a 1008 512 1104 512 8 3.5 0.01 1000000 0.13207914564452294 0.016814541996561416 100000
r 896 304 848 304 0 10
a 704 112 784 112 9 3.5 0.01 1000000 0.3000096608247946 0.29999999999929916 100000
r 704 48 816 48 0 10000
r 608 48 704 48 0 1000
g 608 96 608 112 0 0
w 704 48 704 96 0
c 608 96 704 96 0 0.000001 -0.29999999999929916 0.001
w 608 48 608 96 0
w 704 128 704 160 0
t 784 112 816 112 0 1 -2.5110825495443883 0.4889077896308171 100 default
w 816 128 816 160 0
w 816 160 864 160 0
w 864 160 928 160 0
w 864 256 928 256 0
g 864 256 864 272 0 0
c 928 160 928 256 0 0.000047 0.3000096608247946 0.001
x 512 166 618 169 4 24 LM358\s\h1
x 983 596 1089 599 4 24 LM393\s\h1
x 1263 470 1369 473 4 24 LM358\s\h2
w 816 384 816 368 0
r 1264 624 1264 688 0 3300
x 1168 206 1274 209 4 24 LM393\s\h2
r 928 464 928 400 0 47000
r 928 464 928 512 0 3300
g 928 512 928 528 0 0
207 816 128 864 128 4 \p0V3
207 928 336 960 336 4 \p0V3
c 992 400 992 464 0 0.000001 -0.0017518926489275798 0.001
g 1056 416 1056 432 0 0
g 816 384 816 400 0 0
g 1264 688 1264 704 0 0
r 928 400 928 336 0 10000
x 700 225 805 228 4 24 FDV303N
209 1152 512 1152 592 0 0.000001 0.13207914564452294 0.001 1
r 992 304 992 240 0 1000
f 1040 224 992 224 32 1.5 1
w 928 160 992 160 0
w 992 160 992 208 0
x 606 388 711 391 4 24 FDV303N
x 1007 194 1112 197 4 24 FDV337N
x 1047 391 1289 394 4 24 Tester\soutput\sterminals
207 1040 224 1072 224 4 μCapTest
w 816 160 704 160 0
207 1056 416 1104 416 4 -out
w 992 464 992 528 0
w 992 528 1008 528 0
w 1008 496 1008 448 0
w 1008 448 1152 448 0
w 1152 448 1152 512 0
w 1152 512 1200 512 0
w 1200 512 1264 512 0
w 1360 592 1360 528 0
207 1296 272 1344 272 4 μRCDetect
w 1056 256 1056 304 0
r 1056 256 1136 256 0 10000
w 816 48 816 96 0
x 1356 518 1369 521 4 24 1
x 775 98 788 101 4 24 7
x 685 148 698 151 4 24 6
x 685 84 698 87 4 24 5
x 1095 542 1108 545 4 24 7
x 1018 473 1031 476 4 24 6
x 1007 554 1020 557 4 24 5
x 1300 297 1313 300 4 24 1
x 1205 244 1218 247 4 24 2
x 1208 280 1221 283 4 24 3
x 1257 503 1270 506 4 24 3
x 1244 547 1257 550 4 24 2
x 509 194 658 197 4 24 3V3\s8,\sGND\s4
x 983 622 1132 625 4 24 3V3\s8,\sGND\s4
d 1136 304 1136 256 2 1N4148
d 1136 256 1136 208 2 1N4148
g 1136 304 1136 320 0 0
R 1136 208 1136 160 0 0 40 3.3 0 0 0.5
207 752 256 704 256 4 μPWM1
f 896 352 848 352 32 1 1.25
w 848 304 848 336 0
g 848 384 848 400 0 0
w 848 384 848 368 0
207 896 352 896 320 4 μCapDisch.
x 796 466 901 469 4 24 FDV337N
r 1296 272 1296 208 0 10000
R 1296 208 1296 160 0 0 40 3.3 0 0 0.5
w 1296 272 1296 336 0
r 1296 336 1216 336 0 100000
w 1216 336 1216 288 0
w 1136 256 1184 256 0
w 1216 336 1216 368 0
r 1216 368 1312 368 0 4700
g 1376 368 1376 384 0 0
r 1216 368 1136 368 0 10000
207 1136 336 1184 336 4 \p0V3
w 1136 336 1136 368 0
r 1376 368 1312 368 0 120
207 1184 256 1184 288 4 μADC0
w 1184 256 1216 256 0
r 752 352 752 416 0 100000
g 752 416 752 432 0 0
r 752 256 752 304 0 100000
g 752 304 752 320 0 0
r 896 352 896 416 0 100000
g 896 416 896 432 0 0
o 12 32 0 168462 0.625 0.1 0 2 12 3
o 8 64 0 xc921e 5 0.1 1 2 1 0.000009999999999999999 0 0 8 3 0.05 0
o 8 16 0 168462 2.5 0.1 2 2 8 3
o 77 16 0 4099 0.625 0.00009765625 3 2 77 3
o 2 1 0 4099 0.01953125 0.00009765625 4 2 2 3
o 81 1 0 4099 5 0.00009765625 5 2 81 3
